MH 139F-0 p20
   0.982132838455569  -0.101748754571986
   0.976036217467600  -0.096505787802717
   0.966950347698465  -0.089801956846367
   0.957555879348274  -0.083536719383210
   0.948043691627305  -0.077451091294651
   0.938485518106600  -0.071437893199344
   0.928903589101896  -0.065462595950730
   0.919306257266374  -0.059512074805579
   0.909704649901165  -0.053568447066399
   0.900104140904673  -0.047623058819860
   0.890501345416341  -0.041681350472106
   0.880888973982478  -0.035755162980231
   0.871262851053894  -0.029851319722353
   0.861625085306466  -0.023966512392856
   0.851971845629625  -0.018107115079269
   0.842295869793249  -0.012285361751253
   0.832598986085719  -0.006498480557152
   0.822885411064133  -0.000739652402726
   0.813152958977292   0.004987193311089
   0.803399991133674   0.010679045456583
   0.793629318007062   0.016340468038259
   0.783842377257240   0.021973598235181
   0.774038316769993   0.027577352118677
   0.764220879007644   0.033155901268276
   0.754394291545324   0.038724457130605
   0.744581413159395   0.044296089764704
   0.738642218468099   0.047692534675474
   0.734755206325775   0.049915396070596
   0.725058584651221   0.055513066860547
   0.690207600000000   0.063296510000000
   0.669359280000000   0.066905470000000
   0.643553380000000   0.071080510000000
   0.615812310000000   0.075121730000000
   0.587401370000000   0.078807930000000
   0.558837640000000   0.082060240000000
   0.530063400000000   0.084886440000000
   0.501236430000000   0.087337580000000
   0.472451180000000   0.089349500000000
   0.443733670000000   0.090922340000000
   0.415028940000000   0.092034550000000
   0.386393680000000   0.092668860000000
   0.357822870000000   0.092825080000000
   0.329338490000000   0.092473300000000
   0.301007740000000   0.091595390000000
   0.272861580000000   0.090172460000000
   0.244981890000000   0.088164270000000
   0.217511530000000   0.085530080000000
   0.190586660000000   0.082213540000000
   0.164329780000000   0.078137460000000
   0.138885910000000   0.073228490000000
   0.114458330000000   0.067439570000000
   0.091383060000000   0.060780410000000
   0.070255120000000   0.053400180000000
   0.051954270000000   0.045704340000000
   0.037253330000000   0.038288160000000
   0.026150230000000   0.031568070000000
   0.017989080000000   0.025636450000000
   0.012007090000000   0.020386620000000
   0.007614770000000   0.015670610000000
   0.004413370000000   0.011372930000000
   0.002163520000000   0.007399390000000
   0.000726420000000   0.003692080000000
   0.000034090000000   0.000230730000000
   0.000088070000000  -0.003024170000000
   0.001159760000000  -0.006241160000000
   0.003504120000000  -0.009090200000000
   0.006940980000000  -0.011471410000000
   0.011372680000000  -0.013570690000000
   0.017002030000000  -0.015509750000000
   0.024306230000000  -0.017358120000000
   0.034137670000000  -0.019181570000000
   0.047835290000000  -0.021026300000000
   0.066736540000000  -0.022817580000000
   0.090595510000000  -0.024302220000000
   0.117580530000000  -0.025295320000000
   0.146103260000000  -0.025848870000000
   0.175324750000000  -0.026060960000000
   0.204884660000000  -0.026000070000000
   0.234613160000000  -0.025706780000000
   0.264402350000000  -0.025207380000000
   0.294212820000000  -0.024516590000000
   0.324008890000000  -0.023624210000000
   0.353729120000000  -0.022525430000000
   0.383496050000000  -0.021196820000000
   0.413493440000000  -0.019659460000000
   0.443698340000000  -0.018016630000000
   0.474053590000000  -0.016302710000000
   0.504382360000000  -0.014559740000000
   0.534648920000000  -0.012828570000000
   0.564728040000000  -0.011088890000000
   0.594612970000000  -0.009509390000000
   0.624295560000000  -0.008072390000000
   0.652954480000000  -0.006872240000000
   0.678232590000000  -0.005925990000000
   0.697148060000000  -0.005281840000000
   0.707433731804184  -0.007850786367719
   0.718037426670772  -0.011226248905031
   0.728862214117393  -0.014595281803593
   0.739651205750551  -0.017888755005631
   0.750461568645819  -0.021163625743968
   0.761262335247807  -0.024456383048640
   0.772051135984453  -0.027791694090710
   0.782826901678633  -0.031167935275316
   0.793590783176364  -0.034582120107278
   0.804338350211535  -0.038047268545976
   0.815064625320317  -0.041577787011984
   0.825770584572439  -0.045169444159431
   0.836459401568816  -0.048811795546867
   0.847129709265108  -0.052507983098824
   0.857780241530173  -0.056260813007016
   0.868415846861907  -0.060055736135104
   0.879040035423212  -0.063882494390851
   0.889649050209093  -0.067751117680210
   0.900239719172529  -0.071669677893771
   0.910811708204524  -0.075638362037360
   0.921363195477480  -0.079661210685713
   0.931892692650693  -0.083741289689763
   0.942397164761289  -0.087885358687101
   0.952875018444043  -0.092096275034419
   0.963337559400018  -0.096345110950544
   0.973804782474615  -0.100584445226537
   0.981284996064309  -0.103568563290281
