WE3.55/9.3 ,  116
0.99891174 0.06410315
0.99714778 0.06485212
0.99239907 0.06538109
0.98284669 0.06552361
0.97119530 0.06542463
0.96040395 0.06524552
0.94969833 0.06501692
0.93773992 0.06471144
0.92445472 0.06425751
0.91006250 0.06356907
0.89461862 0.06267131
0.87813016 0.06157648
0.86065506 0.06030010
0.84226164 0.05881907
0.82302268 0.05713218
0.80298460 0.05522081
0.78221759 0.05309343
0.76078478 0.05074623
0.74458000 0.05196000
0.72205000 0.05511000
0.69901000 0.05814000
0.67551000 0.06102000
0.65162000 0.06375000
0.62740000 0.06634000
0.60292000 0.06876000
0.57824000 0.07097000
0.55342000 0.07295000
0.52852000 0.07470000
0.50361000 0.07620000
0.47875000 0.07744000
0.45399000 0.07841000
0.42940000 0.07910000
0.40503000 0.07951000
0.38094000 0.07965000
0.35719000 0.07950000
0.33383000 0.07905000
0.31091000 0.07829000
0.28849000 0.07723000
0.26662000 0.07588000
0.24534000 0.07425000
0.22471000 0.07235000
0.20477000 0.07017000
0.18555000 0.06773000
0.16710000 0.06505000
0.14947000 0.06213000
0.13268000 0.05899000
0.11678000 0.05565000
0.10179000 0.05211000
0.08774000 0.04841000
0.07466000 0.04456000
0.06258000 0.04059000
0.05152000 0.03652000
0.04149000 0.03236000
0.03252000 0.02815000
0.02461000 0.02391000
0.01777000 0.01968000
0.01203000 0.01556000
0.00740000 0.01159000
0.00382000 0.00758000
0.00128000 0.00349000
0.00000000 0.00000000
0.00023000 -0.00230000
0.00199000 -0.00403000
0.00526000 -0.00589000
0.00990000 -0.00784000
0.01579000 -0.00969000
0.02291000 -0.01139000
0.03126000 -0.01294000
0.04083000 -0.01433000
0.05158000 -0.01555000
0.06351000 -0.01659000
0.07660000 -0.01743000
0.09078000 -0.01808000
0.10601000 -0.01855000
0.12243000 -0.01882000
0.14004000 -0.01887000
0.15821000 -0.01882000
0.17646000 -0.01876000
0.19566000 -0.01856000
0.21688000 -0.01807000
0.24069000 -0.01734000
0.26703000 -0.01645000
0.29392000 -0.01543000
0.31951000 -0.01430000
0.34442000 -0.01310000
0.36960000 -0.01186000
0.39491000 -0.01065000
0.42006000 -0.00951000
0.44541000 -0.00831000
0.47145000 -0.00692000
0.49864000 -0.00547000
0.52714000 -0.00410000
0.55596000 -0.00274000
0.58396000 -0.00132000
0.61055000 0.00010000
0.63554000 0.00141000
0.65968000 0.00253000
0.68373000 0.00343000
0.70744000 0.00418000
0.73038000 0.00486000
0.75248000 0.00547000
0.77887606 0.01135642
0.79904801 0.01713418
0.81919255 0.02266648
0.83856972 0.02781716
0.85659408 0.03249149
0.87425209 0.03702623
0.89243428 0.04169108
0.90997327 0.04609041
0.92554007 0.04977494
0.93924472 0.05283628
0.95161000 0.05548697
0.96332174 0.05791078
0.97474699 0.06020606
0.98481356 0.06208552
0.99256518 0.06329293
0.99891174 0.06410315

