WE3.55/9.3 ,  116
1         0
0.99849   0.00118
0.99404   0.00292
0.98485   0.00553
0.97357   0.00845
0.9631    0.01107
0.9527    0.01362
0.94107   0.01642
0.92812   0.01942
0.91404   0.02248
0.89889   0.02561
0.88268   0.02882
0.86547   0.03211
0.84732   0.03544
0.8283    0.03879
0.80845   0.04213
0.78784   0.04545
0.76653   0.04873
0.74458   0.05196
0.72205   0.05511
0.69901   0.05814
0.67551   0.06102
0.65162   0.06375
0.6274    0.06634
0.60292   0.06876
0.57824   0.07097
0.55342   0.07295
0.52852   0.0747
0.50361   0.0762
0.47875   0.07744
0.45399   0.07841
0.4294    0.0791
0.40503   0.07951
0.38094   0.07965
0.35719   0.0795
0.33383   0.07905
0.31091   0.07829
0.28849   0.07723
0.26662   0.07588
0.24534   0.07425
0.22471   0.07235
0.20477   0.07017
0.18555   0.06773
0.1671    0.06505
0.14947   0.06213
0.13268   0.05899
0.11678   0.05565
0.10179   0.05211
0.08774   0.04841
0.07466   0.04456
0.06258   0.04059
0.05152   0.03652
0.04149   0.03236
0.03252   0.02815
0.02461   0.02391
0.01777   0.01968
0.01203   0.01556
0.0074    0.01159
0.00382   0.00758
0.00128   0.00349
0         0
0.00023   -0.0023
0.00199   -0.00403
0.00526   -0.00589
0.0099    -0.00784
0.01579   -0.00969
0.02291   -0.01139
0.03126   -0.01294
0.04083   -0.01433
0.05158   -0.01555
0.06351   -0.01659
0.0766    -0.01743
0.09078   -0.01808
0.10601   -0.01855
0.12243   -0.01882
0.14004   -0.01887
0.15821   -0.01882
0.17646   -0.01876
0.19566   -0.01856
0.21688   -0.01807
0.24069   -0.01734
0.26703   -0.01645
0.29392   -0.01543
0.31951   -0.0143
0.34442   -0.0131
0.3696    -0.01186
0.39491   -0.01065
0.42006   -0.00951
0.44541   -0.00831
0.47145   -0.00692
0.49864   -0.00547
0.52714   -0.0041
0.55596   -0.00274
0.58396   -0.00132
0.61055   0.0001
0.63554   0.00141
0.65968   0.00253
0.68373   0.00343
0.70744   0.00418
0.73038   0.00486
0.75248   0.00547
0.77381   0.006
0.79479   0.00636
0.81568   0.00649
0.83573   0.00645
0.85435   0.0063
0.87258   0.00611
0.89135   0.00591
0.90943   0.00562
0.92542   0.00515
0.93945   0.00456
0.95208   0.00392
0.96402   0.00323
0.97565   0.00249
0.98586   0.0017
0.99366   0.00086
1         0
