WE3.55/9.3 ,  116
0.98446006 -0.06220055
0.98330692 -0.06066994
0.97945890 -0.05783748
0.97125756 -0.05293787
0.96111767 -0.04719789
0.95168253 -0.04195733
0.94229689 -0.03680250
0.93178786 -0.03108784
0.92005558 -0.02483836
0.90724733 -0.01823845
0.89342366 -0.01129399
0.87859681 -0.00399791
0.86282474 0.00363426
0.84615506 0.01154836
0.82865019 0.01970695
0.81034102 0.02807070
0.79129257 0.03661183
0.77155761 0.04529550
0.74458000 0.05196000
0.72205000 0.05511000
0.69901000 0.05814000
0.67551000 0.06102000
0.65162000 0.06375000
0.62740000 0.06634000
0.60292000 0.06876000
0.57824000 0.07097000
0.55342000 0.07295000
0.52852000 0.07470000
0.50361000 0.07620000
0.47875000 0.07744000
0.45399000 0.07841000
0.42940000 0.07910000
0.40503000 0.07951000
0.38094000 0.07965000
0.35719000 0.07950000
0.33383000 0.07905000
0.31091000 0.07829000
0.28849000 0.07723000
0.26662000 0.07588000
0.24534000 0.07425000
0.22471000 0.07235000
0.20477000 0.07017000
0.18555000 0.06773000
0.16710000 0.06505000
0.14947000 0.06213000
0.13268000 0.05899000
0.11678000 0.05565000
0.10179000 0.05211000
0.08774000 0.04841000
0.07466000 0.04456000
0.06258000 0.04059000
0.05152000 0.03652000
0.04149000 0.03236000
0.03252000 0.02815000
0.02461000 0.02391000
0.01777000 0.01968000
0.01203000 0.01556000
0.00740000 0.01159000
0.00382000 0.00758000
0.00128000 0.00349000
0.00000000 0.00000000
0.00023000 -0.00230000
0.00199000 -0.00403000
0.00526000 -0.00589000
0.00990000 -0.00784000
0.01579000 -0.00969000
0.02291000 -0.01139000
0.03126000 -0.01294000
0.04083000 -0.01433000
0.05158000 -0.01555000
0.06351000 -0.01659000
0.07660000 -0.01743000
0.09078000 -0.01808000
0.10601000 -0.01855000
0.12243000 -0.01882000
0.14004000 -0.01887000
0.15821000 -0.01882000
0.17646000 -0.01876000
0.19566000 -0.01856000
0.21688000 -0.01807000
0.24069000 -0.01734000
0.26703000 -0.01645000
0.29392000 -0.01543000
0.31951000 -0.01430000
0.34442000 -0.01310000
0.36960000 -0.01186000
0.39491000 -0.01065000
0.42006000 -0.00951000
0.44541000 -0.00831000
0.47145000 -0.00692000
0.49864000 -0.00547000
0.52714000 -0.00410000
0.55596000 -0.00274000
0.58396000 -0.00132000
0.61055000 0.00010000
0.63554000 0.00141000
0.65968000 0.00253000
0.68373000 0.00343000
0.70744000 0.00418000
0.73038000 0.00486000
0.75248000 0.00547000
0.76753022 0.00213729
0.78788851 -0.00294500
0.80810035 -0.00822616
0.82745681 -0.01345412
0.84540353 -0.01841822
0.86296318 -0.02332002
0.88104184 -0.02837124
0.89843073 -0.03333080
0.91375423 -0.03792331
0.92715347 -0.04212443
0.93918747 -0.04601151
0.95054204 -0.04976830
0.96158423 -0.05349315
0.97124187 -0.05689877
0.97855868 -0.05972894
0.98446006 -0.06220055

